"Time_spent"	"No_purpose_use"	"Depression_score"	"Anxiety_score"	"Easily_distracted"	"Sleep_issues"
"Time_spent"	1	0.305	0.237	0.237	0.232	0.131
"No_purpose_use"	0.305	1	0.253	0.167	0.319	0.224
"Depression_score"	0.237	0.253	1	0.556	0.35	0.331
"Anxiety_score"	0.237	0.167	0.556	1	0.398	0.287
"Easily_distracted"	0.232	0.319	0.35	0.398	1	0.259
"Sleep_issues"	0.131	0.224	0.331	0.287	0.259	1
